rgb(91,155,201)
rgb(91,155,201)
rgb(89,154,200)
rgb(89,153,200)
rgb(88,152,199)
rgb(89,152,198)
rgb(88,151,198)
rgb(88,150,197)
rgb(87,149,197)
rgb(87,148,196)
rgb(85,148,196)
rgb(85,147,195)
rgb(84,146,195)
rgb(84,145,194)
rgb(83,144,194)
rgb(83,144,193)
rgb(82,143,193)
rgb(82,142,192)
rgb(81,141,192)
rgb(81,141,191)
rgb(80,140,191)
rgb(80,139,190)
rgb(79,138,190)
rgb(79,137,189)
rgb(78,137,189)
rgb(78,136,188)
rgb(77,135,188)
rgb(77,134,187)
rgb(76,133,187)
rgb(76,133,186)
rgb(75,132,185)
rgb(75,131,185)
rgb(74,130,184)
rgb(74,130,184)
rgb(73,129,183)
rgb(73,128,183)
rgb(72,127,182)
rgb(72,126,182)
rgb(71,126,181)
rgb(71,125,181)
rgb(70,124,180)
rgb(70,123,180)
rgb(69,122,179)
rgb(69,122,179)
rgb(68,121,178)
rgb(68,120,178)
rgb(67,119,177)
rgb(67,119,177)
rgb(66,118,176)
rgb(66,117,176)
rgb(65,116,175)
rgb(65,115,175)
rgb(64,115,174)
rgb(64,114,174)
rgb(63,113,173)
rgb(63,112,173)
rgb(62,112,172)
rgb(62,112,172)
rgb(61,111,171)
rgb(61,110,171)
rgb(60,109,170)
rgb(60,109,169)
rgb(59,108,169)
rgb(59,107,168)
rgb(58,106,168)
rgb(58,105,167)
rgb(57,105,167)
rgb(57,104,166)
rgb(56,103,166)
rgb(56,102,165)
rgb(55,101,165)
rgb(55,101,164)
rgb(54,100,164)
rgb(54,99,163)
rgb(53,98,163)
rgb(53,98,162)
rgb(52,97,162)
rgb(52,96,161)
rgb(51,95,161)
rgb(51,94,160)
rgb(50,93,160)
rgb(50,93,159)
rgb(50,92,158)
rgb(50,92,158)
rgb(51,91,157)
rgb(51,90,157)
rgb(51,90,156)
rgb(51,89,155)
rgb(51,88,155)
rgb(51,88,154)
rgb(51,87,154)
rgb(52,86,153)
rgb(52,86,152)
rgb(52,85,152)
rgb(52,84,151)
rgb(52,84,151)
rgb(52,83,150)
rgb(53,83,149)
rgb(53,82,149)
rgb(54,81,148)
rgb(54,81,147)
rgb(54,80,147)
rgb(54,79,146)
rgb(54,79,146)
rgb(55,78,145)
rgb(55,77,144)
rgb(55,77,144)
rgb(55,76,143)
rgb(55,75,143)
rgb(55,75,142)
rgb(55,74,141)
rgb(56,74,141)
rgb(56,73,140)
rgb(56,72,140)
rgb(56,72,139)
rgb(56,71,138)
rgb(56,70,138)
rgb(57,70,137)
rgb(57,69,136)
rgb(57,68,136)
rgb(57,68,135)
rgb(57,67,135)
rgb(57,66,134)
rgb(57,66,133)
rgb(58,65,133)
rgb(58,65,132)
rgb(58,64,132)
rgb(58,63,131)
rgb(58,63,130)
rgb(58,62,130)
rgb(58,61,129)
rgb(59,61,129)
rgb(59,60,128)
rgb(59,59,127)
rgb(59,59,127)
rgb(59,58,126)
rgb(59,57,126)
rgb(60,57,125)
rgb(60,56,124)
rgb(60,56,124)
rgb(60,55,123)
rgb(60,54,123)
rgb(60,54,122)
rgb(61,53,121)
rgb(61,52,121)
rgb(61,52,120)
rgb(61,51,119)
rgb(61,50,119)
rgb(61,50,118)
rgb(61,49,118)
rgb(62,48,117)
rgb(62,48,116)
rgb(62,48,116)
rgb(62,47,115)
rgb(62,47,115)
rgb(63,46,114)
rgb(63,46,114)
rgb(64,46,114)
rgb(64,46,113)
rgb(65,46,113)
rgb(65,46,113)
rgb(66,46,113)
rgb(67,46,112)
rgb(67,47,112)
rgb(68,47,112)
rgb(68,47,112)
rgb(70,47,111)
rgb(70,47,111)
rgb(71,47,111)
rgb(72,47,111)
rgb(72,47,110)
rgb(73,47,110)
rgb(73,47,110)
rgb(74,47,110)
rgb(74,47,109)
rgb(75,48,109)
rgb(75,48,109)
rgb(76,48,109)
rgb(77,48,108)
rgb(77,48,108)
rgb(78,48,108)
rgb(78,48,107)
rgb(79,48,107)
rgb(79,48,107)
rgb(80,48,107)
rgb(80,48,106)
rgb(81,48,106)
rgb(82,49,106)
rgb(82,49,106)
rgb(83,49,105)
rgb(83,49,105)
rgb(84,49,105)
rgb(84,49,105)
rgb(85,49,104)
rgb(86,49,104)
rgb(86,49,104)
rgb(87,49,103)
rgb(87,49,103)
rgb(88,50,103)
rgb(88,50,103)
rgb(89,50,102)
rgb(89,50,102)
rgb(90,50,102)
rgb(91,50,102)
rgb(91,50,101)
rgb(92,50,101)
rgb(92,50,101)
rgb(93,50,101)
rgb(93,50,100)
rgb(94,51,100)
rgb(94,51,100)
rgb(95,51,100)
rgb(96,50,99)
rgb(96,50,99)
rgb(97,50,99)
rgb(97,50,99)
rgb(98,50,98)
rgb(98,50,98)
rgb(99,50,98)
rgb(100,50,98)
rgb(100,50,97)
rgb(101,51,97)
rgb(101,51,97)
rgb(102,51,96)
rgb(102,51,96)
rgb(103,51,96)
rgb(103,51,96)
rgb(104,51,95)
rgb(105,51,95)
rgb(105,51,95)
rgb(106,51,95)
rgb(106,51,94)
rgb(107,51,94)
rgb(107,52,94)
rgb(108,52,94)
rgb(109,52,93)
rgb(109,52,93)
rgb(110,52,93)
rgb(110,52,92)
rgb(111,52,92)
rgb(111,52,92)
rgb(112,52,92)
rgb(112,52,91)
rgb(113,53,91)
rgb(113,53,91)
rgb(114,53,91)
rgb(114,53,91)
rgb(115,53,90)
rgb(115,53,90)
rgb(116,54,90)
rgb(117,54,90)
rgb(117,54,89)
rgb(118,54,89)
rgb(118,54,89)
rgb(119,54,89)
rgb(119,55,89)
rgb(120,55,88)
rgb(120,55,88)
rgb(121,55,88)
rgb(121,55,88)
rgb(122,55,87)
rgb(122,55,87)
rgb(123,56,87)
rgb(123,56,87)
rgb(124,56,86)
rgb(124,56,86)
rgb(125,56,86)
rgb(125,56,86)
rgb(126,56,86)
rgb(126,57,85)
rgb(127,57,85)
rgb(127,57,85)
rgb(128,57,85)
rgb(128,57,84)
rgb(129,57,84)
rgb(129,58,84)
rgb(130,58,84)
rgb(130,58,84)
rgb(131,57,83)
rgb(131,57,83)
rgb(132,57,83)
rgb(132,58,83)
rgb(133,58,82)
rgb(133,58,82)
rgb(134,58,82)
rgb(134,58,82)
rgb(135,58,81)
rgb(135,58,81)
rgb(136,59,81)
rgb(136,59,81)
rgb(137,59,81)
rgb(137,59,80)
rgb(138,59,80)
rgb(138,59,80)
rgb(139,59,80)
rgb(140,60,79)
rgb(140,60,79)
rgb(141,60,79)
rgb(141,60,79)
rgb(142,60,79)
rgb(142,60,78)
rgb(143,61,78)
rgb(143,61,78)
rgb(144,61,78)
rgb(144,61,77)
rgb(145,61,77)
rgb(145,61,77)
rgb(146,62,77)
rgb(146,62,76)
rgb(147,62,76)
rgb(147,62,76)
rgb(148,62,76)
rgb(148,62,76)
rgb(149,62,75)
rgb(149,63,75)
rgb(150,63,75)
rgb(150,63,75)
rgb(151,63,74)
rgb(151,63,74)
rgb(152,63,74)
rgb(152,63,74)
rgb(153,64,74)
rgb(153,64,73)
rgb(154,64,73)
rgb(154,64,73)
rgb(155,64,73)
rgb(155,64,72)
rgb(156,65,72)
rgb(156,65,72)
rgb(157,65,72)
rgb(157,65,72)
rgb(158,65,72)
rgb(158,65,72)
rgb(158,65,72)
rgb(159,66,72)
rgb(159,66,72)
rgb(160,66,72)
rgb(160,66,72)
rgb(160,66,72)
rgb(161,66,73)
rgb(161,66,72)
rgb(162,67,73)
rgb(162,67,73)
rgb(162,67,73)
rgb(163,67,73)
rgb(163,67,73)
rgb(164,67,73)
rgb(164,68,73)
rgb(164,68,73)
rgb(165,68,73)
rgb(165,68,73)
rgb(166,68,73)
rgb(166,68,73)
rgb(167,68,73)
rgb(167,69,73)
rgb(167,69,73)
rgb(168,69,73)
rgb(168,69,73)
rgb(169,69,73)
rgb(169,69,73)
rgb(169,69,73)
rgb(170,70,73)
rgb(170,70,73)
rgb(171,70,73)
rgb(171,70,73)
rgb(171,70,73)
rgb(172,70,73)
rgb(172,71,73)
rgb(173,71,73)
rgb(173,71,73)
rgb(174,71,73)
rgb(174,71,74)
rgb(174,71,73)
rgb(175,71,74)
rgb(175,72,74)
rgb(176,72,74)
rgb(176,72,74)
rgb(176,72,74)
rgb(177,72,74)
rgb(177,72,74)
rgb(178,72,74)
rgb(178,73,74)
rgb(178,73,74)
rgb(180,73,74)
rgb(180,73,74)
rgb(180,73,74)
rgb(180,73,74)
rgb(181,74,74)
rgb(181,74,74)
rgb(181,74,74)
rgb(182,74,74)
rgb(182,74,74)
rgb(183,74,74)
rgb(183,74,74)
rgb(183,75,74)
rgb(184,75,74)
rgb(184,75,74)
rgb(185,75,74)
rgb(185,75,74)
rgb(185,75,74)
rgb(186,75,74)
rgb(186,76,74)
rgb(187,76,74)
rgb(187,76,75)
rgb(187,76,75)
rgb(188,76,75)
rgb(188,76,75)
rgb(189,77,75)
rgb(189,77,75)
rgb(190,77,75)
rgb(190,77,75)
rgb(190,77,75)
rgb(191,77,75)
rgb(191,77,75)
rgb(192,78,75)
rgb(192,78,75)
rgb(192,78,75)
rgb(193,78,75)
rgb(193,78,75)
rgb(194,78,75)
rgb(194,78,75)
rgb(195,79,75)
rgb(195,79,75)
rgb(195,79,75)
rgb(196,79,75)
rgb(196,79,75)
rgb(197,79,75)
rgb(197,80,75)
rgb(197,80,75)
rgb(197,81,75)
rgb(197,82,75)
rgb(197,82,75)
rgb(197,83,75)
rgb(198,83,75)
rgb(198,84,75)
rgb(198,84,75)
rgb(198,85,74)
rgb(198,85,74)
rgb(198,86,74)
rgb(199,87,74)
rgb(199,87,74)
rgb(199,88,74)
rgb(199,88,74)
rgb(199,89,74)
rgb(199,89,74)
rgb(200,90,74)
rgb(200,90,74)
rgb(200,91,73)
rgb(200,91,73)
rgb(200,92,73)
rgb(200,93,73)
rgb(200,93,73)
rgb(201,94,73)
rgb(201,94,73)
rgb(201,95,73)
rgb(201,95,73)
rgb(201,95,73)
rgb(201,96,73)
rgb(201,96,72)
rgb(202,97,72)
rgb(202,97,72)
rgb(202,98,72)
rgb(202,98,72)
rgb(202,99,72)
rgb(202,99,72)
rgb(203,100,72)
rgb(203,101,72)
rgb(203,101,72)
rgb(203,102,72)
rgb(203,102,72)
rgb(203,103,71)
rgb(204,103,71)
rgb(204,104,71)
rgb(204,104,71)
rgb(204,105,71)
rgb(204,106,71)
rgb(204,106,71)
rgb(204,107,71)
rgb(205,107,71)
rgb(205,108,71)
rgb(205,108,70)
rgb(205,109,70)
rgb(205,109,70)
rgb(205,110,70)
rgb(205,110,70)
rgb(206,111,70)
rgb(206,112,70)
rgb(206,112,70)
rgb(206,113,70)
rgb(206,113,70)
rgb(206,114,70)
rgb(207,114,70)
rgb(207,115,69)
rgb(207,116,69)
rgb(207,116,69)
rgb(207,117,69)
rgb(207,117,69)
rgb(208,118,69)
rgb(208,118,69)
rgb(208,119,69)
rgb(208,119,69)
rgb(208,120,69)
rgb(208,120,69)
rgb(208,121,69)
rgb(210,122,68)
rgb(210,122,68)
rgb(210,123,68)
rgb(210,123,68)
rgb(210,124,68)
rgb(210,124,68)
rgb(210,125,68)
rgb(211,126,68)
rgb(211,126,68)
rgb(211,127,68)
rgb(211,127,68)
rgb(211,128,68)
rgb(211,128,67)
rgb(211,129,67)
rgb(211,129,67)
rgb(211,130,67)
rgb(211,130,67)
rgb(211,131,67)
rgb(211,132,67)
rgb(213,132,67)
rgb(213,133,67)
rgb(213,133,67)
rgb(213,134,67)
rgb(213,135,67)
rgb(213,137,68)
rgb(213,138,68)
rgb(214,139,69)
rgb(214,140,69)
rgb(216,141,70)
rgb(216,142,70)
rgb(216,143,70)
rgb(217,144,71)
rgb(217,145,71)
rgb(218,146,72)
rgb(218,148,72)
rgb(218,149,73)
rgb(218,150,73)
rgb(218,151,74)
rgb(220,152,74)
rgb(220,153,74)
rgb(221,154,75)
rgb(221,155,75)
rgb(221,156,76)
rgb(222,157,76)
rgb(222,159,77)
rgb(223,160,77)
rgb(223,161,78)
rgb(223,162,78)
rgb(223,163,78)
rgb(223,164,79)
rgb(224,165,79)
rgb(224,166,80)
rgb(224,167,80)
rgb(225,168,81)
rgb(225,170,81)
rgb(226,171,82)
rgb(226,172,82)
rgb(227,173,82)
rgb(227,174,83)
rgb(227,175,83)
rgb(228,176,84)
rgb(228,177,84)
rgb(229,178,85)
rgb(229,179,85)
rgb(229,181,85)
rgb(230,182,86)
rgb(230,183,86)
rgb(231,184,87)
rgb(231,185,87)
rgb(231,186,88)
rgb(232,187,88)
rgb(232,188,89)
rgb(233,189,89)
rgb(233,190,89)
rgb(233,191,90)
rgb(235,192,90)
rgb(235,193,91)
rgb(235,194,91)
rgb(235,195,92)
rgb(236,196,92)
rgb(236,197,92)
rgb(236,198,93)
rgb(237,199,93)
rgb(237,200,94)
rgb(238,202,94)
rgb(238,203,95)
rgb(238,204,95)
rgb(239,205,96)
rgb(239,206,96)
rgb(241,208,96)
rgb(241,209,97)
rgb(241,209,97)
rgb(241,211,98)
rgb(241,211,98)
rgb(242,213,99)
rgb(242,214,99)
rgb(242,215,99)
rgb(244,216,100)
rgb(244,217,100)
rgb(244,218,101)
rgb(244,219,101)
rgb(246,220,102)
rgb(246,221,102)
rgb(246,222,103)
rgb(247,224,103)
rgb(247,225,103)
rgb(248,226,104)
rgb(248,227,104)
rgb(248,228,105)
rgb(249,229,105)
rgb(249,230,106)
rgb(249,231,106)
rgb(249,232,106)
rgb(251,233,107)